0	10	change	27	2.99707031
0	9	investigate	10	2.99707031
0	26	wilco	9	4.09570312
0	26	proceed	8	4.09570312
0	26	copy	7	4.09570312
0	8	repeat	5	2.99707031
0	7	roll	3	2.99707031
0	4	SOE	34	2.08105469
0	4	SPACON	33	2.08105469
0	3	SOM	29	1.38671875
0	1	all	1	1.38671875
1	2	stations	2
2	14	change	27	1.609375
2	13	investigate	10	1.609375
2	28	wilco	9	2.70800781
2	28	proceed	8	2.70800781
2	28	copy	7	2.70800781
2	12	repeat	5	1.609375
2	11	roll	3	1.609375
3	5	on	30
4	17	SOM	29
5	6	LOOP	31
6	2	ONE	32
7	26	call	4
8	25	that	6	0.693359375
8	0.693359375
9	15	parameter	11
10	26	limits	28
11	28	call	4
12	30	that	6	0.693359375
12	0.693359375
13	23	parameter	11
14	28	limits	28
15	32	SPELLING	26	1.38671875
15	16	sierra	12	1.38574219
15	0.693359375
16	18	two	13
17	10	change	27	1.609375
17	9	investigate	10	1.609375
17	26	wilco	9	2.70800781
17	26	proceed	8	2.70800781
17	26	copy	7	2.70800781
17	8	repeat	5	1.609375
17	7	roll	3	1.609375
18	19	kilo	14
19	20	tango	15
20	21	papa	16
21	22	three	17
22	24	zero	19	0.693359375
22	24	one	18	0.693359375
23	38	SPELLING	26	1.38671875
23	27	sierra	12	1.38574219
23	0.693359375
24	28	five	25	2.30273438
24	28	nine	24	2.30273438
24	28	six	23	2.30273438
24	28	seven	22	2.30273438
24	28	four	21	2.30273438
24	28	ate	20	2.30273438
24	28	zero	19	2.30273438
24	28	one	18	2.30273438
24	28	three	17	2.30273438
24	28	two	13	2.30273438
25
26
27	29	two	13
28
29	31	kilo	14
30
31	33	tango	15
32
33	34	papa	16
34	35	three	17
35	36	zero	19	0.693359375
35	36	one	18	0.693359375
36	37	five	25	2.30273438
36	37	nine	24	2.30273438
36	37	six	23	2.30273438
36	37	seven	22	2.30273438
36	37	four	21	2.30273438
36	37	ate	20	2.30273438
36	37	zero	19	2.30273438
36	37	one	18	2.30273438
36	37	three	17	2.30273438
36	37	two	13	2.30273438
37
38
