0	14	roll	7	4.38671875
0	15	repeat	9	4.38574219
0	16	copy	11	5.484375
0	16	proceed	12	5.484375
0	16	wilco	13	5.484375
0	17	investigate	14	4.18554688
0	18	change	57	4.38671875
0	7	SOE	71	3.13867188
0	7	SPACON	70	3.13867188
0	9	please	6	2.73339844
0	9	kindly	5	2.73339844
0	6	could	3	2.73339844
0	4	SOM	64	2.03808594
0	3	this	62	2.73144531
0	3	here	61	2.73144531
0	2	to	69	2.44335938
0	2	for	68	2.44335938
0	1	all	1	1.34472656
1	13	stations	2
2	7	SOE	71	0.693359375
2	7	SPACON	70	0.693359375
3	4	SOM	64	0.693359375
3	5	is	63	0.693359375
4	10	on	65
5	4	SOM	64
6	9	you	4
7	24	SOM	64	0.693359375
7	21	this	62	1.38574219
7	21	here	61	1.38574219
8	11	you	4
9	18	change	57	1.65332031
9	17	investigate	14	1.45214844
9	16	wilco	13	2.75097656
9	16	proceed	12	2.75097656
9	16	copy	11	2.75097656
9	15	repeat	9	1.65234375
9	14	roll	7	1.65332031
10	12	LOOP	66
11	37	wilco	13	2.75195312
11	37	proceed	12	2.75195312
11	37	copy	11	2.75195312
11	19	repeat	9	1.65332031
11	36	change	57	1.65332031
11	35	investigate	14	1.45214844
11	34	roll	7	1.65332031
12	13	ONE	67
13	34	roll	7	3.04003906
13	35	investigate	14	2.83886719
13	36	change	57	3.04003906
13	19	repeat	9	3.04003906
13	37	copy	11	4.13867188
13	37	proceed	12	4.13867188
13	37	wilco	13	4.13867188
13	11	please	6	1.38671875
13	11	kindly	5	1.38671875
13	8	could	3	1.38671875
14	16	call	8
15	29	thanks	60	2.77148438
15	27	thank	59	2.77148438
15	29	please	6	2.77148438
15	23	that	10	0.693359375
15	1.16444135
16	29	thanks	60	2.078125
16	27	thank	59	2.078125
16	29	please	6	2.078125
16	0.471081972
17	20	parameter	15
18	16	limits	58
19	39	thanks	60	2.77050781
19	28	thank	59	2.77050781
19	39	please	6	2.77050781
19	40	that	10	0.693359375
19	1.16541791
20	29	thanks	60	2.74744916
20	27	thank	59	2.74744916
20	29	please	6	2.74744916
20	30	capital	56	4.91503906
20	30	Alpha	55	4.91503906
20	30	Juliet	54	4.91503906
20	30	Sierra	53	4.91503906
20	30	Bravo	52	4.91503906
20	30	Kilo	51	4.91503906
20	30	Tango	50	4.91503906
20	30	Charlie	49	4.91503906
20	30	Lima	48	4.91503906
20	30	Uniform	47	4.91503906
20	30	Delta	46	4.91503906
20	30	Mike	45	4.91503906
20	30	Victor	44	4.91503906
20	30	Echo	43	4.91503906
20	30	November	42	4.91503906
20	30	Whiskey	41	4.91503906
20	30	Foxtrot	40	4.91503906
20	30	Oscar	39	4.91503906
20	31	X	37	4.91503906
20	30	Golf	36	4.91503906
20	30	Papa	35	4.91503906
20	30	Yankee	34	4.91503906
20	30	Hotel	33	4.91503906
20	30	Quebec	32	4.91503906
20	30	Zulu	31	4.91503906
20	30	India	30	4.91503906
20	30	Romeo	29	4.91503906
20	30	one	28	4.91503906
20	30	five	27	4.91503906
20	30	nine	26	4.91503906
20	30	two	25	4.91503906
20	30	six	24	4.91503906
20	30	zero	23	4.91503906
20	30	three	22	4.91503906
20	30	seven	21	4.91503906
20	30	decimal	20	4.91503906
20	30	four	19	4.91503906
20	30	ate	18	4.91503906
20	30	thousand	17	4.91503906
20	26	SPELLING	16	1.58691406
20	1.13806176
21	24	SOM	64	0.693359375
21	25	is	63	0.693359375
22	39	thanks	60	2.74666786
22	28	thank	59	2.74666786
22	39	please	6	2.74666786
22	32	capital	56	4.91503906
22	32	Alpha	55	4.91503906
22	32	Juliet	54	4.91503906
22	32	Sierra	53	4.91503906
22	32	Bravo	52	4.91503906
22	32	Kilo	51	4.91503906
22	32	Tango	50	4.91503906
22	32	Charlie	49	4.91503906
22	32	Lima	48	4.91503906
22	32	Uniform	47	4.91503906
22	32	Delta	46	4.91503906
22	32	Mike	45	4.91503906
22	32	Victor	44	4.91503906
22	32	Echo	43	4.91503906
22	32	November	42	4.91503906
22	32	Whiskey	41	4.91503906
22	32	Foxtrot	40	4.91503906
22	32	Oscar	39	4.91503906
22	33	X	37	4.91503906
22	32	Golf	36	4.91503906
22	32	Papa	35	4.91503906
22	32	Yankee	34	4.91503906
22	32	Hotel	33	4.91503906
22	32	Quebec	32	4.91503906
22	32	Zulu	31	4.91503906
22	32	India	30	4.91503906
22	32	Romeo	29	4.91503906
22	32	one	28	4.91503906
22	32	five	27	4.91503906
22	32	nine	26	4.91503906
22	32	two	25	4.91503906
22	32	six	24	4.91503906
22	32	zero	23	4.91503906
22	32	three	22	4.91503906
22	32	seven	21	4.91503906
22	32	decimal	20	4.91503906
22	32	four	19	4.91503906
22	32	ate	18	4.91503906
22	32	thousand	17	4.91503906
22	38	SPELLING	16	1.58789062
22	1.13669515
23	29	please	6	2.078125
23	27	thank	59	2.078125
23	29	thanks	60	2.078125
23	0.471081972
24	14	roll	7	3.04003906
24	15	repeat	9	3.0390625
24	16	copy	11	4.13769531
24	16	proceed	12	4.13769531
24	16	wilco	13	4.13769531
24	17	investigate	14	2.83886719
24	18	change	57	3.04003906
24	9	please	6	1.38671875
24	9	kindly	5	1.38671875
24	6	could	3	1.38671875
25	24	SOM	64
26	29	thanks	60	2.078125
26	27	thank	59	2.078125
26	29	please	6	2.078125
26	0.471081972
27	29	you	4
28	39	you	4
29
30	29	thanks	60	2.70007443
30	27	thank	59	2.70007443
30	29	please	6	2.70007443
30	30	capital	56	4.35742188
30	30	Alpha	55	4.35742188
30	30	Juliet	54	4.35742188
30	30	Sierra	53	4.35742188
30	30	Bravo	52	4.35742188
30	30	Kilo	51	4.35742188
30	30	Tango	50	4.35742188
30	30	Charlie	49	4.35742188
30	30	Lima	48	4.35742188
30	30	Uniform	47	4.35742188
30	30	Delta	46	4.35742188
30	30	Mike	45	4.35742188
30	30	Victor	44	4.35742188
30	30	Echo	43	4.35742188
30	30	November	42	4.35742188
30	30	Whiskey	41	4.35742188
30	30	Foxtrot	40	4.35742188
30	30	Oscar	39	4.35742188
30	31	X	37	4.35742188
30	30	Golf	36	4.35742188
30	30	Papa	35	4.35742188
30	30	Yankee	34	4.35742188
30	30	Hotel	33	4.35742188
30	30	Quebec	32	4.35742188
30	30	Zulu	31	4.35742188
30	30	India	30	4.35742188
30	30	Romeo	29	4.35742188
30	30	one	28	4.35742188
30	30	five	27	4.35742188
30	30	nine	26	4.35742188
30	30	two	25	4.35742188
30	30	six	24	4.35742188
30	30	zero	23	4.35742188
30	30	three	22	4.35742188
30	30	seven	21	4.35742188
30	30	decimal	20	4.35742188
30	30	four	19	4.35742188
30	30	ate	18	4.35742188
30	30	thousand	17	4.35742188
30	1.09184277
31	30	ray	38
32	39	thanks	60	2.70007443
32	28	thank	59	2.70007443
32	39	please	6	2.70007443
32	32	capital	56	4.35742188
32	32	Alpha	55	4.35742188
32	32	Juliet	54	4.35742188
32	32	Sierra	53	4.35742188
32	32	Bravo	52	4.35742188
32	32	Kilo	51	4.35742188
32	32	Tango	50	4.35742188
32	32	Charlie	49	4.35742188
32	32	Lima	48	4.35742188
32	32	Uniform	47	4.35742188
32	32	Delta	46	4.35742188
32	32	Mike	45	4.35742188
32	32	Victor	44	4.35742188
32	32	Echo	43	4.35742188
32	32	November	42	4.35742188
32	32	Whiskey	41	4.35742188
32	32	Foxtrot	40	4.35742188
32	32	Oscar	39	4.35742188
32	33	X	37	4.35742188
32	32	Golf	36	4.35742188
32	32	Papa	35	4.35742188
32	32	Yankee	34	4.35742188
32	32	Hotel	33	4.35742188
32	32	Quebec	32	4.35742188
32	32	Zulu	31	4.35742188
32	32	India	30	4.35742188
32	32	Romeo	29	4.35742188
32	32	one	28	4.35742188
32	32	five	27	4.35742188
32	32	nine	26	4.35742188
32	32	two	25	4.35742188
32	32	six	24	4.35742188
32	32	zero	23	4.35742188
32	32	three	22	4.35742188
32	32	seven	21	4.35742188
32	32	decimal	20	4.35742188
32	32	four	19	4.35742188
32	32	ate	18	4.35742188
32	32	thousand	17	4.35742188
32	1.09184277
33	32	ray	38
34	37	call	8
35	22	parameter	15
36	37	limits	58
37	39	thanks	60	2.07714844
37	28	thank	59	2.07714844
37	39	please	6	2.07714844
37	0.472058535
38	39	thanks	60	2.07714844
38	28	thank	59	2.07714844
38	39	please	6	2.07714844
38	0.472058535
39
40	39	please	6	2.07714844
40	28	thank	59	2.07714844
40	39	thanks	60	2.07714844
40	0.472058535
